GOES 1 (SMS-C)          
1 08366U 75100A   26078.25065721  .00000020  00000+0  00000+0 0  9997
2 08366   4.8366 278.5751 0005096   1.9066 224.1383  1.00240709184165
GOES 2                  
1 10061U 77048A   26078.14596346  .00000070  00000+0  00000+0 0  9990
2 10061   6.6342 294.1082 0013898  49.5739 314.6074  0.99393314 45389
GOES 3                  
1 10953U 78062A   26078.01162956 -.00000217  00000+0  00000+0 0  9993
2 10953   7.1068 299.9514 0002439 358.8915 352.5858  0.99360111127633
GOES 4                  
1 11964U 80074A   26078.18227693  .00000028  00000+0  00000+0 0  9999
2 11964   8.1802 303.6298 0032466 103.6091  87.2101  0.99227697126542
GOES 5                  
1 12472U 81049A   26078.14643289 -.00000177  00000+0  00000+0 0  9992
2 12472   9.5199 316.2520 0004436 341.0426 200.1715  1.00208900121940
GOES 6                  
1 14050U 83041A   26078.25265056 -.00000053  00000+0  00000+0 0  9997
2 14050  10.3342 321.8089 0002025 312.2124 241.3517  1.00218983215115
GOES 7                  
1 17561U 87022A   26077.38921005  .00000102  00000+0  00000+0 0  9990
2 17561  13.0084 338.2778 0004143  19.2405 166.4460  0.99900331126054
GOES 8                  
1 23051U 94022A   26077.79003128 -.00000063  00000+0  00000+0 0  9998
2 23051  14.3534  14.3627 0005554  18.9718 164.6386  0.98903526123236
GOES 9                  
1 23581U 95025A   26077.48761000 -.00000055  00000+0  00000+0 0  9997
2 23581  13.8829  15.2125 0003039 206.9714 334.5157  0.98800509111866
GOES 10                 
1 24786U 97019A   26077.99663616  .00000019  00000+0  00000+0 0  9999
2 24786  13.0211  21.7384 0030845 238.6885 310.5326  0.99123791105177
GOES 11                 
1 26352U 00022A   26078.03303632  .00000047  00000+0  00000+0 0  9994
2 26352  11.6121  47.3018 0005562 260.1932 100.1358  0.99041552 51577
GOES 12                 
1 26871U 01031A   26077.96601439  .00000066  00000+0  00000+0 0  9999
2 26871  12.0222  38.0210 0008754 299.8988  67.0104  0.99135057 89875
EWS-G1 (GOES 13)        
1 29155U 06018A   26078.23731050 -.00000216  00000+0  00000+0 0  9999
2 29155   4.2980  77.5058 0061879 273.8411  80.4420  0.98789347 42353
GOES 14                 
1 35491U 09033A   26078.24181718  .00000102  00000+0  00000+0 0  9993
2 35491   1.4560  84.1800 0001650 270.9568 101.5113  1.00104812  5699
EWS-G2 (GOES 15)        
1 36411U 10008A   26078.14483678  .00000025  00000+0  00000+0 0  9993
2 36411   1.0424  84.7562 0002498  18.8044 188.6389  1.00269676 58731
GOES 16                 
1 41866U 16071A   26078.25421056 -.00000089  00000+0  00000+0 0  9994
2 41866   0.1337  86.3091 0002216 228.8632 208.4515  1.00271508 34208
GOES 17                 
1 43226U 18022A   26078.18583028 -.00000180  00000+0  00000+0 0  9996
2 43226   0.7048  87.1827 0001637 231.4602 195.4903  1.00271784 29525
GOES 18                 
1 51850U 22021A   26078.24779720  .00000099  00000+0  00000+0 0  9993
2 51850   0.0454  14.4616 0000581  41.1728  73.3626  1.00272805  5695
GOES 19                 
1 60133U 24119A   26078.19094948 -.00000246  00000+0  00000+0 0  9998
2 60133   0.0210  47.4946 0000857 351.4581 131.3393  1.00271256  6068
