KUIPER-00008            
1 63724U 25088A   26078.19293061 -.00064047  00000+0 -81991-2 0  9991
2 63724  51.9022  45.3152 0001011  12.6668 347.4320 14.81205109 49462
KUIPER-00009            
1 63725U 25088B   26078.25002315 -.00011097  00000+0 -13129-2 0  9994
2 63725  51.9016  64.2617 0006161 129.3736 352.5362 14.83417737  5318
KUIPER-00010            
1 63726U 25088C   26078.16182630 -.00002303  00000+0 -27323-3 0  9996
2 63726  51.9040  41.2076 0000231  83.2090 276.8899 14.79935924 49132
KUIPER-00011            
1 63727U 25088D   26078.18758232  .00010353  00000+0  13832-2 0  9997
2 63727  51.9014  48.6576 0000880 115.3956 244.7098 14.79989013 49164
KUIPER-00012            
1 63728U 25088E   26078.16985318 -.00001577  00000+0 -17784-3 0  9994
2 63728  51.9043  33.6580 0001147  89.0964 271.0130 14.79953719 49321
KUIPER-00013            
1 63729U 25088F   26078.23623140  .00007567  00000+0  10204-2 0  9997
2 63729  51.9019  65.8820 0001847  69.1000 291.0161 14.79937624 48980
KUIPER-00014            
1 63730U 25088G   26078.25002315 -.00012099  00000+0 -14349-2 0  9998
2 63730  51.9004  66.6910 0001797 142.8490 352.3379 14.83413186  4904
KUIPER-00015            
1 63731U 25088H   26078.25002315 -.00056472  00000+0 -72751-2 0  9993
2 63731  51.8979  75.8553 0000648  88.9575  42.5555 14.80876577  5075
KUIPER-00016            
1 63732U 25088J   26078.25002315 -.00014081  00000+0 -16714-2 0  9991
2 63732  51.8991  69.2187 0004722 110.9057  39.7977 14.83493779  5098
KUIPER-00018            
1 63733U 25088K   26078.24422445  .00002717  00000+0  38509-3 0  9999
2 63733  51.9035  58.3188 0000694  93.4817 266.6225 14.79948815 48907
KUIPER-00019            
1 63734U 25088L   26078.24118827  .00175793  00000+0  21133-1 0  9994
2 63734  51.9006  56.8158 0000958  71.0409 289.0658 14.82540524 48928
KUIPER-00020            
1 63735U 25088M   26078.24149126  .00002805  00000+0  39659-3 0  9998
2 63735  51.9012  60.8504 0003608 111.2713 248.8635 14.79969334 49071
KUIPER-00021            
1 63736U 25088N   26078.25002315 -.00010424  00000+0 -12324-2 0  9995
2 63736  51.9000  61.6965 0003130 107.8435   4.0377 14.83405137  4955
KUIPER-00023            
1 63737U 25088P   26078.23883516  .00009409  00000+0  12611-2 0  9992
2 63737  51.9010  63.3154 0003175 125.7680 234.3578 14.79945399 49174
KUIPER-00024            
1 63738U 25088Q   26078.18487396  .00001245  00000+0  19231-3 0  9999
2 63738  51.9051  51.1279 0000890  71.3065 288.7994 14.79930251 49465
KUIPER-00025            
1 63739U 25088R   26078.19319693  .00003101  00000+0  39972-3 0  9992
2 63739  51.9031  59.0882 0000890  39.3619 320.7410 14.83603176 49211
KUIPER-00027            
1 63740U 25088S   26078.18208303  .00001345  00000+0  20549-3 0  9996
2 63740  51.9026  53.6089 0000922 103.9866 256.1199 14.79920553 49025
KUIPER-00028            
1 63741U 25088T   26078.21868137  .00002926  00000+0  41247-3 0  9992
2 63741  51.9006  50.9158 0001270  72.1794 287.9307 14.79949407 49476
KUIPER-00029            
1 63742U 25088U   26078.28878702  .00001941  00000+0  28358-3 0  9993
2 63742  51.9040  48.1526 0000656  94.8920 265.2117 14.79920175 49044
KUIPER-00030            
1 63743U 25088V   26078.25002315  .00031907  00000+0  41596-2 0  9993
2 63743  51.8998  68.2707 0004573  94.1436 354.1456 14.80279302  4526
KUIPER-00031            
1 63744U 25088W   26078.20200831  .00003247  00000+0  41589-3 0  9991
2 63744  51.9020  53.3747 0001572 164.3439 195.7574 14.83744592 48969
KUIPER-00032            
1 63745U 25088X   26078.02811524  .00010843  00000+0  29876-3 0  9994
2 63745  51.8707 339.0559 0005281 143.7308 216.4037 15.37653729 50984
KUIPER-00033            
1 63746U 25088Y   26077.71640712 -.00058408  00000+0 -71111-2 0  9998
2 63746  51.8987  85.7150 0001061  38.8950 321.2090 14.83239590 48950
KUIPER-00034            
1 63747U 25088Z   26078.15620535 -.00016831  00000+0 -21914-2 0  9999
2 63747  51.9019  46.2333 0001224 352.2245   7.8699 14.79796153 49225
KUIPER-00035            
1 63748U 25088AA  26078.25009072  .00003223  00000+0  41642-3 0  9998
2 63748  51.8998  71.3603 0004004  95.6392 264.5028 14.83396348 48932
KUIPER-00037            
1 63749U 25088AB  26078.23069314 -.00000573  00000+0 -46137-4 0  9994
2 63749  51.9017  70.8674 0000918  90.2507 269.8561 14.79910017 49725
KUIPER-00038            
1 63750U 25088AC  26078.24724265  .00001798  00000+0  26485-3 0  9991
2 63750  51.9037  55.8299 0000745 106.6012 253.5033 14.79913597 48938
KUIPER-00039            
1 64500U 25134A   26077.61173869 -.00001024  00000+0 -10532-3 0  9995
2 64500  51.8989 193.6388 0000665  78.3596 281.7441 14.79928393 41399
KUIPER-00040            
1 64501U 25134B   26078.25002315  .00036678  00000+0  44309-2 0  9993
2 64501  51.8990 201.8654 0010683 302.7440 332.9780 14.83363565  5263
KUIPER-00041            
1 64502U 25134C   26078.25002315 -.00218673  00000+0 -27168-1 0  9996
2 64502  51.8983 203.3853 0002007 334.9810 218.8943 14.83489967  5654
KUIPER-00042            
1 64503U 25134D   26078.07435925  .00036994  00000+0  48375-2 0  9990
2 64503  51.8957 200.0869 0006971 306.8148  53.2174 14.80071070 41345
KUIPER-00043            
1 64504U 25134E   26078.05066083  .00000086  00000+0  40315-4 0  9995
2 64504  51.9011 191.6349 0000742 105.3582 254.7463 14.79919845 41461
KUIPER-00044            
1 64505U 25134F   26078.06891369  .00003749  00000+0  51934-3 0  9997
2 64505  51.8976 205.1105 0008054 308.0635  51.9600 14.80027739 41270
KUIPER-00046            
1 64506U 25134G   26078.07366019  .00001880  00000+0  27561-3 0  9991
2 64506  51.8961 201.5525 0000804 109.3627 250.7422 14.79929791 41323
KUIPER-00047            
1 64507U 25134H   26078.25002315  .00025804  00000+0  31221-2 0  9997
2 64507  51.8985 173.6507 0001807 102.7563 311.5015 14.83508773  4870
KUIPER-00048            
1 64508U 25134J   26077.56294424  .00003762  00000+0  52224-3 0  9991
2 64508  51.8997 176.3398 0000793  67.0980 293.0066 14.79933062 41634
KUIPER-00049            
1 64509U 25134K   26078.31128204  .00004015  00000+0  51130-3 0  9995
2 64509  51.9001 186.0248 0001174 164.8485 195.2514 14.83451250 41566
KUIPER-00050            
1 64510U 25134L   26078.25002315 -.00009464  00000+0 -93148-3 0  9994
2 64510  51.8934 168.6047 0005363  22.8793   7.2762 14.90679524  5206
KUIPER-00051            
1 64511U 25134M   26078.25002315 -.00007715  00000+0 -98378-3 0  9992
2 64511  51.9005 183.3247 0000193 282.3079  19.5004 14.79948462  5379
KUIPER-00053            
1 64513U 25134P   26077.68992312  .00002373  00000+0  33989-3 0  9995
2 64513  51.9000 183.2963 0000444 190.7593 169.3360 14.79960093 41544
KUIPER-00054            
1 64514U 25134Q   26077.96555910  .00003764  00000+0  52239-3 0  9990
2 64514  51.8977 177.0457 0000548  74.4141 285.6882 14.79939872 41652
KUIPER-00055            
1 64515U 25134R   26077.51105689  .00011922  00000+0  54676-3 0  9998
2 64515  51.8928 138.1997 0002382  52.1818 307.9377 15.20835786 42168
KUIPER-00056            
1 64516U 25134S   26078.26402514  .00003625  00000+0  50377-3 0  9994
2 64516  51.9015 180.7783 0000402 126.4774 233.6225 14.79972603 41631
KUIPER-00057            
1 64517U 25134T   26078.25593594 -.00009985  00000+0 -12814-2 0  9993
2 64517  51.9005 188.2766 0000989  76.7644 283.3429 14.79973787 41528
KUIPER-00058            
1 64518U 25134U   26078.29511979  .00000702  00000+0  12111-3 0  9992
2 64518  51.8991 183.0579 0000540  83.9022 276.2001 14.79928309 41606
KUIPER-00059            
1 64519U 25134V   26078.30059323  .00003574  00000+0  49719-3 0  9999
2 64519  51.8990 178.0863 0000634 211.3484 148.7441 14.79960696 41672
KUIPER-00060            
1 64520U 25134W   26078.26670220  .00030590  00000+0  40281-2 0  9993
2 64520  51.9025 178.2693 0000848 102.1774 257.9284 14.79883199 41651
KUIPER-00061            
1 64521U 25134X   26078.29243387  .00003712  00000+0  51568-3 0  9994
2 64521  51.9006 185.6280 0000583  98.7543 261.3486 14.79931552 41554
KUIPER-00062            
1 64522U 25134Y   26078.28974852  .00003149  00000+0  44242-3 0  9997
2 64522  51.8896 188.1687 0000903  83.4528 276.6537 14.79886441 41530
KUIPER-00063            
1 64523U 25134Z   26078.01155231  .00015026  00000+0  19951-2 0  9996
2 64523  51.9090 196.8788 0001535 237.2918 122.7897 14.79944604 41389
KUIPER-00064            
1 64524U 25134AA  26077.74406945 -.00002684  00000+0 -32351-3 0  9995
2 64524  51.9009 195.4834 0000160 177.5839 182.5124 14.79897804 41384
KUIPER-00065            
1 64525U 25134AB  26077.60359625  .00003853  00000+0  53408-3 0  9996
2 64525  51.9010 201.2646 0000602  82.0033 278.0997 14.79933142 41274
KUIPER-00066            
1 64526U 25134AC  26078.25002315 -.01168252  00000+0 -57531-1 0  9997
2 64526  51.8702 138.8006 0002046  28.1889 149.1044 15.20346595  5651
KUIPER-00069            
1 64816U 25151A   26078.16826649  .00003306  00000+0  46238-3 0  9991
2 64816  51.9007 238.7093 0000692 113.6661 246.4374 14.79940694 38163
KUIPER-00070            
1 64817U 25151B   26078.24260123  .00013024  00000+0  17341-2 0  9990
2 64817  51.8979 263.3173 0000805  93.5310 266.5745 14.79930506 37836
KUIPER-00071            
1 64818U 25151C   26078.24535593  .00009036  00000+0  12120-2 0  9995
2 64818  51.9031 260.8285 0000612 105.9090 254.1940 14.79957172 36682
KUIPER-00072            
1 64819U 25151D   26078.16557047  .00003242  00000+0  45410-3 0  9997
2 64819  51.8969 241.1617 0000801 124.4019 235.7019 14.79931804 36956
KUIPER-00073            
1 64820U 25151E   26078.21159169  .00001852  00000+0  27195-3 0  9993
2 64820  51.8992 260.9695 0000680  89.4088 270.6952 14.79925466 37862
KUIPER-00074            
1 64821U 25151F   26078.25002315  .01463058  00000+0  42364-1 0  9992
2 64821  51.9227 244.0513 0002600 343.1033 168.5087 15.32308115  4089
KUIPER-00075            
1 64822U 25151G   26078.30464070  .00030678  00000+0  71822-3 0  9999
2 64822  51.8709 174.9736 0003876 326.2025  33.8716 15.41847430 37886
KUIPER-00076            
1 64823U 25151H   26078.25002315  .00049408  00000+0  69939-2 0  9990
2 64823  51.8994 250.7392 0000768 106.0729  78.7010 14.76581119  3194
KUIPER-00077            
1 64824U 25151J   26078.21685015  .00081449  00000+0  10692-1 0  9993
2 64824  51.8997 255.9704 0000899 105.6039 254.5023 14.79505535 36753
KUIPER-00078            
1 64825U 25151K   26078.25344576 -.00001330  00000+0 -14552-3 0  9996
2 64825  51.8990 253.2975 0000938  90.5254 269.5816 14.79927337 36791
KUIPER-00079            
1 64826U 25151L   26078.21410921 -.00000780  00000+0 -73288-4 0  9991
2 64826  51.8968 258.4444 0000777 114.5661 245.5382 14.79921005 37918
KUIPER-00080            
1 64827U 25151M   26077.91037566  .00003251  00000+0  45541-3 0  9992
2 64827  51.8989 259.7963 0000646 104.9239 255.1795 14.79913350 36672
KUIPER-00082            
1 64828U 25151N   26078.16018414 -.00000675  00000+0 -59536-4 0  9991
2 64828  51.8987 246.2242 0000778  95.4273 264.6778 14.79927490 36889
KUIPER-00083            
1 64829U 25151P   26078.21969720  .00002781  00000+0  39364-3 0  9997
2 64829  51.8976 253.4497 0000836 106.3423 253.7631 14.79929929 37971
KUIPER-00084            
1 64830U 25151Q   26077.80367871  .00012874  00000+0  17131-2 0  9993
2 64830  51.8992 265.2721 0001798  90.8177 269.2991 14.79965955 36589
KUIPER-00085            
1 64831U 25151R   26078.19401614  .00002846  00000+0  40208-3 0  9991
2 64831  51.9020 246.1031 0000777 107.1945 252.9103 14.79947247 36887
KUIPER-00086            
1 64832U 25151S   26077.91310373  .00003171  00000+0  44479-3 0  9998
2 64832  51.8996 257.3145 0000898  91.8625 268.2440 14.79925518 36709
KUIPER-00087            
1 64833U 25151T   26078.13450415  .00003433  00000+0  47898-3 0  9995
2 64833  51.8988 238.8137 0000566  80.5386 279.5640 14.79943319 36972
KUIPER-00089            
1 64834U 25151U   26078.19663899  .00000199  00000+0  55077-4 0  9999
2 64834  51.9040 243.5508 0000528 172.1496 187.9475 14.79910132 36926
KUIPER-00090            
1 64835U 25151V   26078.13719925  .00003431  00000+0  47868-3 0  9996
2 64835  51.8973 236.3424 0000680  91.6995 268.4046 14.79946177 37014
KUIPER-00091            
1 64836U 25151W   26076.44351007  .00003000  00000+0  41884-3 0  9996
2 64836  51.9002 248.8104 0000943  54.1403 305.9647 14.80291520 36696
KUIPER-00092            
1 64837U 25151X   26077.78613149  .00001418  00000+0  21500-3 0  9997
2 64837  51.8991 250.3718 0000922 103.7417 256.3648 14.79941342 38004
KUIPER-00093            
1 64838U 25151Y   26077.78346824  .00003603  00000+0  50161-3 0  9994
2 64838  51.8993 252.8646 0000885  94.9629 265.1435 14.79915472 36755
KUIPER-00094            
1 64839U 25151Z   26077.68032020  .00008305  00000+0  60594-3 0  9999
2 64839  51.8889 221.0509 0005815 323.5847  36.4730 15.04451636 37199
KUIPER-00081            
1 65132U 25171A   26078.24364772  .00002754  00000+0  39007-3 0  9990
2 65132  51.9009 105.8243 0000926  65.9454 294.1605 14.79940747 34451
KUIPER-00088            
1 65133U 25171B   26078.29229086  .00002792  00000+0  39501-3 0  9995
2 65133  51.8998 123.1169 0000662  94.9371 265.1667 14.79938907 34210
KUIPER-00095            
1 65134U 25171C   26078.24633835  .00001394  00000+0  21193-3 0  9997
2 65134  51.8959 103.3852 0001778 131.7573 228.3541 14.79906892 34489
KUIPER-00096            
1 65135U 25171D   26078.26662955 -.00001583  00000+0 -17874-3 0  9998
2 65135  51.8982 115.7308 0000477  62.9424 297.1587 14.79923733 34313
KUIPER-00097            
1 65136U 25171E   26078.26395467  .00002853  00000+0  40302-3 0  9991
2 65136  51.9002 118.3752 0000807  74.8394 285.2657 14.79934140 34269
KUIPER-00098            
1 65137U 25171F   26078.26119217 -.00005361  00000+0 -67531-3 0  9991
2 65137  51.8996 120.7631 0000658 242.3025 117.7870 14.79899831 33588
KUIPER-00099            
1 65138U 25171G   26078.30632532  .00002736  00000+0  38693-3 0  9995
2 65138  51.9020 110.5547 0000958  34.2985 325.8039 14.80019627 34384
KUIPER-00100            
1 65139U 25171H   26078.27470482  .00002817  00000+0  39833-3 0  9993
2 65139  51.9000 108.1690 0000786  75.5630 284.5420 14.79942427 34419
KUIPER-00102            
1 65140U 25171J   26078.27197726  .00025708  00000+0  33996-2 0  9999
2 65140  51.8973 110.7009 0001211 109.4921 250.6173 14.79793338 34375
KUIPER-00103            
1 65141U 25171K   26078.28691600  .00002928  00000+0  41305-3 0  9994
2 65141  51.8976 128.1293 0000614 143.3936 216.7068 14.79920313 34131
KUIPER-00104            
1 65142U 25171L   26078.30039347 -.00000230  00000+0 -11253-5 0  9999
2 65142  51.9030 115.5350 0000508  90.5337 269.5683 14.79929494 34316
KUIPER-00105            
1 65143U 25171M   26078.12389370  .00003155  00000+0  44350-3 0  9993
2 65143  51.8994 123.9395 0000937 131.1349 228.9694 14.79857441 34186
KUIPER-00106            
1 65144U 25171N   26078.25557029  .00004032  00000+0  36664-3 0  9990
2 65144  51.8924 111.5054 0008000 128.9585 231.2099 14.97216607 34370
KUIPER-00107            
1 65145U 25171P   26078.27732880  .00002761  00000+0  39104-3 0  9992
2 65145  51.8994 105.6941 0000773  77.0759 283.0290 14.79931288 34459
KUIPER-00108            
1 65146U 25171Q   26078.29771059  .00002827  00000+0  39969-3 0  9998
2 65146  51.9008 118.1232 0000128  95.0647 265.0330 14.79930759 34287
KUIPER-00109            
1 65147U 25171R   26078.26932067 -.00002770  00000+0 -33444-3 0  9995
2 65147  51.9022 113.1903 0000589  70.1026 290.0000 14.79944686 34343
KUIPER-00110            
1 65148U 25171S   26078.28981540  .00002901  00000+0  40788-3 0  9991
2 65148  51.8983 125.6867 0001451 240.2834 119.7984 14.80085973 34167
KUIPER-00111            
1 65149U 25171T   26077.84531942  .00002913  00000+0  41131-3 0  9996
2 65149  51.8966 132.5599 0000334 103.5045 256.5954 14.79888603 34034
KUIPER-00112            
1 65150U 25171U   26078.30306955  .00027240  00000+0  35972-2 0  9999
2 65150  51.9011 113.0940 0000931 100.2021 259.9047 14.79821790 34341
KUIPER-00114            
1 65151U 25171V   26078.18022507  .00002890  00000+0  40792-3 0  9995
2 65151  51.8990 133.6350 0000403  91.8159 268.2850 14.79939560 34048
KUIPER-00115            
1 65152U 25171W   26077.85055757  .00002932  00000+0  41399-3 0  9993
2 65152  51.8991 127.5812 0000537  64.9480 295.1538 14.79880831 34106
KUIPER-00116            
1 65153U 25171X   26077.87904492  .00002971  00000+0  41879-3 0  9991
2 65153  51.8990 132.4944 0000267  29.0224 331.0753 14.79908369 34033
KUIPER-00118            
1 65154U 25171Y   26077.87627762  .00008762  00000+0  11854-2 0  9997
2 65154  51.8989 134.9627 0001457 153.0105 207.0934 14.79624660 34004
KUIPER-00119            
1 65155U 25171Z   26078.29489019  .00002787  00000+0  39684-3 0  9999
2 65155  51.8991 120.6945 0001306  62.0948 298.0147 14.79665505 34234
KUIPER-00120            
1 65762U 25217A   26078.05893156  .00003825  00000+0  53050-3 0  9996
2 65762  51.8983  11.6351 0000709  83.2256 276.8787 14.79932195 26127
KUIPER-00132            
1 65763U 25217B   26077.96324615  .00032620  00000+0  80758-3 0  9995
2 65763  51.8595 318.4692 0006406   8.2057 351.9034 15.40113502 26851
KUIPER-00133            
1 65764U 25217C   26078.09273922  .00003720  00000+0  51649-3 0  9991
2 65764  51.9053  11.5420 0002189  62.2615 297.8570 14.79950407 26134
KUIPER-00139            
1 65765U 25217D   26078.02435257  .00007177  00000+0  56147-3 0  9994
2 65765  51.8871 351.0629 0007442 349.0598  11.0210 15.01987304 26418
KUIPER-00142            
1 65766U 25217E   26078.07799440  .00003948  00000+0  54646-3 0  9991
2 65766  51.9024 354.0765 0000749  90.0985 270.0063 14.79941502 26372
KUIPER-00145            
1 65767U 25217F   26078.07513585  .00003959  00000+0  54802-3 0  9992
2 65767  51.9023 356.6021 0000858  63.8674 296.2377 14.79931082 26335
KUIPER-00147            
1 65768U 25217G   26077.97118760  .00003732  00000+0  51808-3 0  9999
2 65768  51.9010 359.5568 0000706 112.0368 248.0670 14.79945439 26285
KUIPER-00148            
1 65769U 25217H   26078.00738398 -.00007470  00000+0 -44224-3 0  9999
2 65769  51.8794 341.4877 0007951  20.2926 339.8363 15.09527100 26548
KUIPER-00150            
1 65770U 25217J   26078.09426640 -.00033041  00000+0 -43260-2 0  9995
2 65770  51.9031   9.0068 0001129 103.2511 256.8577 14.79937340 26167
KUIPER-00151            
1 65771U 25217K   26078.03607959 -.00001156  00000+0 -12265-3 0  9998
2 65771  51.9035   1.7742 0000849 100.1937 259.9121 14.79938624 26262
KUIPER-00152            
1 65772U 25217L   26078.01585977  .00000026  00000+0  32420-4 0  9991
2 65772  51.9023 349.3568 0000721 101.7044 258.3999 14.79925153 26430
KUIPER-00153            
1 65773U 25217M   26078.25002315  .00022351  00000+0  18232-2 0  9996
2 65773  51.8895 343.5685 0011074 348.2959  96.9841 14.99316568  5153
KUIPER-00155            
1 65774U 25217N   26077.98097428  .00011069  00000+0  47190-3 0  9995
2 65774  51.8767 327.5472 0005588 347.2172  12.8666 15.23406088 26731
KUIPER-00156            
1 65775U 25217P   26077.91992959  .00003623  00000+0  50415-3 0  9993
2 65775  51.9041 344.8132 0000703  95.1694 264.9348 14.79920385 26485
KUIPER-00158            
1 65776U 25217Q   26078.05197362  .00003569  00000+0  48849-3 0  9992
2 65776  51.8992   4.0138 0001448  79.1542 280.9584 14.80668979 26235
KUIPER-00163            
1 65777U 25217R   26078.25002315  .00092354  00000+0  37526-2 0  9997
2 65777  51.8988   2.2851 0001696 170.9701  97.7492 15.23774811  5594
KUIPER-00165            
1 65778U 25217S   26078.04414095  .00003489  00000+0  48620-3 0  9996
2 65778  51.9032 354.2329 0000761  97.0290 263.0759 14.79955155 26364
KUIPER-00166            
1 65779U 25217T   26078.02389123  .00003546  00000+0  49383-3 0  9999
2 65779  51.9051 341.8493 0000680  70.5897 289.5139 14.79942230 26533
KUIPER-00167            
1 65780U 25217U   26078.10085802 -.00001120  00000+0 -11797-3 0  9993
2 65780  51.8981   3.9388 0000612  68.0444 292.0583 14.79937016 26235
KUIPER-00168            
1 65781U 25217V   26078.05230459  .00003745  00000+0  52024-3 0  9999
2 65781  51.9031 346.7008 0000742  95.9132 264.1915 14.79909672 26479
KUIPER-00169            
1 65782U 25217W   26078.04690378 -.00035365  00000+0 -46226-2 0  9990
2 65782  51.9028 351.7276 0000470 101.3181 258.7835 14.80039436 26400
KUIPER-00170            
1 65783U 25217X   26078.04152820  .00009005  00000+0  12100-2 0  9990
2 65783  51.9011 356.7350 0000818  71.1297 288.9754 14.79885442 26330
KUIPER-00172            
1 65785U 25217Z   26078.00171287  .00002138  00000+0  33420-3 0  9995
2 65785  51.9008 337.7983 0001865  19.2366 340.8665 14.76546700 26597
KUIPER-00173            
1 65786U 25217AA  26078.03449360  .00003433  00000+0  51864-3 0  9990
2 65786  51.9038 351.3088 0000810 126.0612 234.0424 14.76499287 26403
KUIPER-00174            
1 65787U 25217AB  26078.01850053  .00003169  00000+0  44433-3 0  9994
2 65787  51.9049 346.8786 0001006  94.9982 265.1095 14.79953155 26468
KUIPER-00176            
1 65788U 25217AC  26077.93460907  .00003916  00000+0  54212-3 0  9996
2 65788  51.9018   2.2168 0000841  88.6540 271.4519 14.79954194 26249
KUIPER-00101            
1 65947U 25228A   26077.94698931  .00003259  00000+0  45631-3 0  9991
2 65947  51.8994 319.6431 0000850 103.6731 256.4326 14.79932391 24608
KUIPER-00113            
1 65948U 25228B   26077.91859944  .00003086  00000+0  43355-3 0  9991
2 65948  51.8987 314.7851 0000722  95.9351 264.1694 14.79940917 24665
KUIPER-00117            
1 65949U 25228C   26077.94967583  .00002986  00000+0  42053-3 0  9996
2 65949  51.8988 317.1505 0000828  93.8434 266.2623 14.79935903 24637
KUIPER-00121            
1 65950U 25228D   26077.92130965  .00003122  00000+0  43848-3 0  9998
2 65950  51.9002 312.2725 0000783 113.2028 246.9017 14.79920044 24703
KUIPER-00122            
1 65951U 25228E   26077.97797834 -.00000435  00000+0 -28105-4 0  9994
2 65951  51.9007 321.9997 0000926 124.1678 235.9373 14.79922053 24578
KUIPER-00123            
1 65952U 25228F   26077.87675606  .00003378  00000+0  47179-3 0  9994
2 65952  51.9003 322.4686 0000749 107.7947 252.3097 14.79936000 24556
KUIPER-00124            
1 65953U 25228G   26077.95237196  .00003119  00000+0  43784-3 0  9993
2 65953  51.9003 314.6213 0000766  96.3628 263.7421 14.79938697 24678
KUIPER-00125            
1 65954U 25228H   26077.90094067  .00000345  00000+0  74362-4 0  9992
2 65954  51.9007 299.8737 0000603  93.4906 266.6125 14.79900074 24878
KUIPER-00126            
1 65955U 25228J   26077.91303442  .00003273  00000+0  45825-3 0  9998
2 65955  51.9012 319.8177 0000714 111.2379 248.8660 14.79917431 24592
KUIPER-00127            
1 65956U 25228K   26077.89400546  .00002069  00000+0  32575-3 0  9999
2 65956  51.9012 311.5587 0001001 207.2369 152.8540 14.76361415 24719
KUIPER-00128            
1 65957U 25228L   26077.95505535  .00003145  00000+0  44147-3 0  9995
2 65957  51.9024 312.1508 0000873 107.8440 252.2618 14.79924315 24701
KUIPER-00129            
1 65958U 25228M   26077.92686938  .00003034  00000+0  42694-3 0  9992
2 65958  51.9014 307.2611 0001140  92.4288 267.6805 14.79925701 24773
KUIPER-00130            
1 65959U 25228N   26077.89024765  .00003134  00000+0  43995-3 0  9999
2 65959  51.9034 309.9301 0000910  83.6111 276.4955 14.79933576 15023
KUIPER-00134            
1 65960U 25228P   26078.26329835  .00026796  00000+0  69227-3 0  9994
2 65960  51.8701 273.9892 0004746 352.0458   8.0453 15.38923538 25260
KUIPER-00135            
1 65961U 25228Q   26077.92403608  .00003215  00000+0  45042-3 0  9998
2 65961  51.9033 309.8427 0000795 113.8220 246.2826 14.79940027 24730
KUIPER-00136            
1 65962U 25228R   26077.89291765  .00003185  00000+0  44664-3 0  9999
2 65962  51.9008 307.4513 0001075 124.5920 235.5144 14.79930351 24767
KUIPER-00137            
1 65963U 25228S   26078.25002315 -.00034419  00000+0 -45059-2 0  9996
2 65963  51.9024 303.3363 0000856  82.1061   7.4876 14.79961543  5040
KUIPER-00138            
1 65964U 25228T   26077.93202429  .00003115  00000+0  43732-3 0  9993
2 65964  51.8997 302.2238 0001065  90.9878 269.1206 14.79945143 24845
KUIPER-00140            
1 65965U 25228U   26077.92939920  .00002950  00000+0  41568-3 0  9997
2 65965  51.8998 304.8188 0001008 107.9529 252.1544 14.79939895 24808
KUIPER-00141            
1 65966U 25228V   26077.86722252 -.00008435  00000+0 -10804-2 0  9993
2 65966  51.9043 300.1076 0000830 116.4078 243.6970 14.79874502 24869
KUIPER-00146            
1 65967U 25228W   26078.25002315  .00017760  00000+0  23849-2 0  9991
2 65967  51.9018 300.9211 0000539 101.5589 335.3868 14.79355765  5161
KUIPER-00149            
1 65968U 25228X   26077.86983509  .00002954  00000+0  41584-3 0  9997
2 65968  51.9010 297.5097 0001096  94.5739 265.5349 14.79985976 24908
KUIPER-00154            
1 65969U 25228Y   26077.90634527  .00002995  00000+0  42201-3 0  9998
2 65969  51.9000 294.8532 0000749 101.0707 259.0340 14.79897144 24947
KUIPER-00157            
1 65970U 25228Z   26077.90360693  .00002856  00000+0  40338-3 0  9995
2 65970  51.9025 297.4762 0001071 102.0174 258.0909 14.79940440 24902
KUIPER-00144            
1 67133U 25301A   26078.25002315 -.01774416  00000+0 -57531-1 0  9995
2 67133  51.8719  18.7824 0007077  71.1841 178.3397 15.34696073  5340
KUIPER-00164            
1 67134U 25301B   26078.25002315  .00014117  00000+0  14039-2 0  9995
2 67134  51.8948  23.4734 0005168 102.5113 255.7502 14.91872224  4363
KUIPER-00175            
1 67135U 25301C   26078.25002315 -.02147407  00000+0 -95085-1 0  9998
2 67135  51.8792  19.4361 0002643  96.0359 211.7039 15.24843493  5750
KUIPER-00179            
1 67136U 25301D   26078.25002315  .00011856  00000+0  12128-2 0  9991
2 67136  51.8966  23.1326 0002099  67.1493 221.2572 14.90887755  5221
KUIPER-00181            
1 67137U 25301E   26078.05858642  .00002668  00000+0  41031-3 0  9999
2 67137  51.9043  35.8984 0001930 110.4505 249.6663 14.76468812 15115
KUIPER-00183            
1 67138U 25301F   26078.25002315 -.00063021  00000+0 -26651-2 0  9992
2 67138  51.8720  20.5597 0014945  88.5921 301.9618 15.22723507  4404
KUIPER-00184            
1 67139U 25301G   26078.25002315 -.02019471  00000+0 -10405+0 0  9992
2 67139  51.8726  20.1760 0011864  85.8571 127.7221 15.19401490  5693
KUIPER-00186            
1 67140U 25301H   26078.16717814  .00003742  00000+0  51911-3 0  9992
2 67140  51.9032  36.2028 0000943 105.7247 254.3819 14.79972963 14962
KUIPER-00187            
1 67141U 25301J   26078.16437703  .00003780  00000+0  52398-3 0  9991
2 67141  51.9041  38.7273 0000820  84.1781 275.9275 14.79985324 14925
KUIPER-00188            
1 67142U 25301K   26078.09861960  .00016471  00000+0  43965-3 0  9991
2 67142  51.8704  19.7719 0009842  83.7140 276.4968 15.38210352 15184
KUIPER-00191            
1 67143U 25301L   26078.27387321 -.00003654  00000+0 -45079-3 0  9995
2 67143  51.9021  30.7585 0000561  93.6712 266.4315 14.79913519 15078
KUIPER-00196            
1 67144U 25301M   26078.25002315  .00060977  00000+0  16482-2 0  9995
2 67144  51.8719  18.5116 0004446  51.2678 337.8625 15.37140913  5557
KUIPER-00204            
1 67145U 25301N   26078.28599118  .00011667  00000+0  45937-3 0  9991
2 67145  51.8848  24.6557 0002630  39.2502 320.8671 15.26040794 15247
KUIPER-00210            
1 67146U 25301P   26078.24010872  .00003434  00000+0  47945-3 0  9997
2 67146  51.9008  30.8698 0000822  97.7063 262.3993 14.79915512 15214
KUIPER-00221            
1 67147U 25301Q   26078.26582296  .00003620  00000+0  50342-3 0  9996
2 67147  51.9029  38.2619 0001013  89.8183 270.2896 14.79944189 14942
KUIPER-00232            
1 67148U 25301R   26078.25002315  .00012688  00000+0  12842-2 0  9991
2 67148  51.8970  22.8073 0002662 165.0108 163.6404 14.91258540  4565
KUIPER-00241            
1 67149U 25301S   26078.06862827  .00003807  00000+0  52829-3 0  9996
2 67149  51.9038  34.1413 0000610  72.1397 287.9632 14.79915163 15310
KUIPER-00245            
1 67150U 25301T   26078.26297398 -.00012143  00000+0 -15679-2 0  9991
2 67150  51.9036  40.7948 0000982  89.2890 270.8185 14.79899382 14907
KUIPER-00246            
1 67151U 25301U   26078.25002315 -.00001602  00000+0 -17348-3 0  9998
2 67151  51.9024  25.5282 0001089 353.3053 188.4529 14.81657799  4881
KUIPER-00247            
1 67152U 25301V   26078.25002315 -.01704795  00000+0 -64697-1 0  9990
2 67152  51.8694  19.9161 0012124  92.7017 296.2563 15.29503819  4740
KUIPER-00248            
1 67153U 25301W   26078.25916852  .00026574  00000+0  71112-3 0  9992
2 67153  51.8683  19.3250 0011109  78.8295 281.3940 15.37798001 15370
KUIPER-00249            
1 67154U 25301X   26078.25002315 -.00970334  00000+0 -32169-1 0  9994
2 67154  51.8689  19.0266 0009757  82.6511  14.7520 15.33600480  5629
KUIPER-00250            
1 67155U 25301Y   26078.25002315  .00028833  00000+0  41229-2 0  9999
2 67155  51.9178  27.6471 0001781 114.2666  97.7469 14.76412962  4252
KUIPER-00251            
1 67156U 25301Z   26078.25002315  .00057176  00000+0  21571-2 0  9990
2 67156  51.8737  19.5521 0011880  82.8346 108.2587 15.26427946  2515
KUIPER-00252            
1 67157U 25301AA  26078.25002315 -.01889201  00000+0 -98624-1 0  9998
2 67157  51.8747  20.2586 0009914 100.4677 139.6161 15.18750891  5402
KUIPER-00261            
1 67158U 25301AB  26078.25002315  .00029533  00000+0  42191-2 0  9999
2 67158  51.9028  27.9858 0002125  12.1142 224.2273 14.76439742  5693
KUIPER-00265            
1 67159U 25301AC  26078.19286759  .00003310  00000+0  46298-3 0  9997
2 67159  51.9041  43.5916 0001190  68.8732 291.2357 14.79940102 14891
KUIPER-00159            
1 67764U 26030A   26076.70016679  .00019138  00000+0  54495-3 0  9999
2 67764  51.8842 180.5246 0005510  67.1275 293.0293 15.36115386  6323
KUIPER-00160            
1 67765U 26030B   26078.26434580  .00025625  00000+0  72864-3 0  9996
2 67765  51.8823 172.9956 0005877  82.2438 277.9215 15.35972843  6560
KUIPER-00177            
1 67766U 26030C   26078.25002315  .00013959  00000+0  66139-3 0  9998
2 67766  51.8882 173.3987 0003156  56.1742  28.8522 15.19563393  5540
KUIPER-00178            
1 67767U 26030D   26078.25002315 -.01480879  00000+0 -58954-1 0  9995
2 67767  51.8849 173.4040 0007994  73.6143  55.1478 15.28099168  5837
KUIPER-00180            
1 67768U 26030E   26077.68884014  .00021040  00000+0  72534-3 0  9996
2 67768  51.8809 176.6148 0014190  95.9486 264.3115 15.29869858  6465
KUIPER-00197            
1 67769U 26030F   26077.98727719  .00026006  00000+0  72254-3 0  9994
2 67769  51.8849 174.1511 0001490  58.9308 301.1825 15.36698938  6520
KUIPER-00198            
1 67770U 26030G   26078.25487249  .00030013  00000+0  83797-3 0  9995
2 67770  51.8804 172.9349 0004263  73.5807 286.5648 15.36463367  6565
KUIPER-00199            
1 67771U 26030H   26078.29229148  .00021944  00000+0  65301-3 0  9996
2 67771  51.8782 173.1746 0011619  92.2968 267.9348 15.34588842  6568
KUIPER-00200            
1 67772U 26030J   26078.29750685  .00004938  00000+0  14314-3 0  9994
2 67772  51.8807 172.4786 0001228 320.1967  39.8930 15.37369484  6576
KUIPER-00203            
1 67773U 26030K   26078.25002315  .00016982  00000+0  14365-2 0  9998
2 67773  51.9121 176.0230 0012186  92.9173  93.3527 14.98074344  5120
KUIPER-00205            
1 67774U 26030L   26077.98752373  .00035465  00000+0  97646-3 0  9995
2 67774  51.8818 174.1451 0003088  36.0192 324.1002 15.36817639  6521
KUIPER-00208            
1 67775U 26030M   26078.26059159  .00017407  00000+0  56120-3 0  9998
2 67775  51.8828 173.7120 0016009  89.0335 271.2484 15.32142817  6559
KUIPER-00209            
1 67776U 26030N   26078.28774166  .00013211  00000+0  46944-3 0  9995
2 67776  51.8818 173.8839 0012760  94.9766 265.2675 15.29262012  6551
KUIPER-00213            
1 67777U 26030P   26078.25745849  .00029717  00000+0  93903-3 0  9994
2 67777  51.8810 173.6786 0015877  95.8355 264.4440 15.32451933  6556
KUIPER-00214            
1 67778U 26030Q   26077.65289481  .00028730  00000+0  78516-3 0  9990
2 67778  51.8839 175.6649 0001603  52.1814 307.9318 15.37157665  6474
KUIPER-00215            
1 67779U 26030R   26078.28955243  .00029726  00000+0  87318-3 0  9993
2 67779  51.8790 173.1698 0010938  89.8477 270.3762 15.34830903  6567
KUIPER-00218            
1 67780U 26030S   26078.27344346  .00027823  00000+0  80041-3 0  9992
2 67780  51.8833 173.0616 0005886  70.0373 290.1247 15.35561445  6560
KUIPER-00220            
1 67781U 26030T   26078.25002315  .00033806  00000+0  98640-3 0  9990
2 67781  51.8811 173.2794 0008888  84.5276  91.1799 15.34994972  5602
KUIPER-00222            
1 67782U 26030U   26078.00333670  .00031919  00000+0  10130-2 0  9995
2 67782  51.8834 174.9745 0015925  96.1054 264.1746 15.32275417  6514
KUIPER-00223            
1 67783U 26030V   26077.97050979  .00033652  00000+0  99796-3 0  9991
2 67783  51.8833 174.7729 0013387  88.4408 271.8111 15.34439361  6514
KUIPER-00225            
1 67784U 26030W   26077.99769746  .00030391  00000+0  85277-3 0  9999
2 67784  51.8835 174.2109 0004196  60.4627 299.6778 15.36301290  6524
KUIPER-00226            
1 67785U 26030X   26078.29027097  .00020032  00000+0  67892-3 0  9994
2 67785  51.8829 173.8917 0019795 101.1601 259.1610 15.30365576  6556
KUIPER-00259            
1 67786U 26030Y   26078.27667706  .00028028  00000+0  81257-3 0  9994
2 67786  51.8777 173.0744 0008720  82.0810 278.1165 15.35295358  6566
KUIPER-00260            
1 67787U 26030Z   26077.98483283  .00037115  00000+0  10183-2 0  9994
2 67787  51.8810 174.1246 0000975  25.7402 334.3633 15.36906534  6436
KUIPER-00262            
1 67788U 26030AA  26077.97949880  .00021489  00000+0  59174-3 0  9995
2 67788  51.8824 174.0936 0001729 280.4560  79.6232 15.37092129  6521
KUIPER-00266            
1 67789U 26030AB  26078.29433723  .00019117  00000+0  64776-3 0  9995
2 67789  51.8789 173.9142 0023533 105.7378 254.6203 15.30329345  6554
KUIPER-00268            
1 67790U 26030AC  26078.25451952  .00020565  00000+0  57977-3 0  9991
2 67790  51.8844 172.9431 0003529  70.9799 289.1570 15.36384700  6564
KUIPER-00270            
1 67791U 26030AD  26077.96038050  .00032730  00000+0  95548-3 0  9992
2 67791  51.8795 174.6998 0010227  83.1342 277.0807 15.34983526  6513
KUIPER-00274            
1 67792U 26030AE  26078.29065332  .00023541  00000+0  81925-3 0  9997
2 67792  51.8805 173.9001 0018543 104.5941 255.7100 15.29425981  6558
KUIPER-00275            
1 67793U 26030AF  26078.28235391  .00035486  00000+0  10305-2 0  9995
2 67793  51.8849 173.1239 0010319  82.8642 277.3517 15.35106774  6567
KUIPER-00276            
1 67794U 26030AG  26078.29195079  .00007423  00000+0  26372-3 0  9997
2 67794  51.8783 173.9060 0017650  97.8271 262.4717 15.29916527  6558
KUIPER-00279            
1 67795U 26030AH  26077.68431291  .00026044  00000+0  74801-3 0  9999
2 67795  51.8791 175.8547 0006098  70.2450 289.9193 15.35647661  6477
