NOAA 1                  
1 04793U 70106A   26077.98232170 -.00000026  00000+0  10071-3 0  9991
2 04793 101.3494 116.6197 0031896 162.7192 260.1066 12.54049440529384
NOAA 2 (ITOS-D)         
1 06235U 72082A   26078.30479348 -.00000030  00000+0  10321-3 0  9999
2 06235 102.0157  95.8697 0003873 346.6475  25.2064 12.53212192443697
NOAA 3                  
1 06920U 73086A   26078.25797453 -.00000037  00000+0  71612-4 0  9997
2 06920 102.2902  91.3298 0006172 290.5839  80.5808 12.40392060370757
NOAA 4                  
1 07529U 74089A   26078.28433780 -.00000044  00000+0  13751-4 0  9998
2 07529 102.0070  90.1186 0009026  10.7984   0.2544 12.53201905348262
NOAA 5                  
1 09057U 76077A   26078.20425417 -.00000044  00000+0  14603-4 0  9992
2 09057 102.2974  63.7615 0009922 143.0156 228.6268 12.37828731243340
TIROS N                 
1 11060U 78096A   26078.32846284  .00000148  00000+0  90064-4 0  9993
2 11060  98.4623 103.4204 0011234 138.5814 221.6216 14.19342626666003
NOAA 6                  
1 11416U 79057A   26078.31030663  .00000261  00000+0  10613-3 0  9998
2 11416  98.5736 108.4052 0010301 158.6934 201.4682 14.35440527438063
NOAA 7                  
1 12553U 81059A   26078.18849043  .00000034  00000+0  38368-4 0  9997
2 12553  98.8040 146.1582 0011838 160.9795 199.1824 14.17775294311996
NOAA 8                  
1 13923U 83022A   26078.28174628  .00000131  00000+0  68351-4 0  9995
2 13923  98.7371  91.1110 0015193 157.7513 202.4331 14.29770626238222
NOAA 9                  
1 15427U 84123A   26078.30940241  .00000109  00000+0  77253-4 0  9990
2 15427  99.1085 102.8284 0013764 242.5745 128.1165 14.17042163130690
NOAA 10                 
1 16969U 86073A   26078.26551236  .00000116  00000+0  63382-4 0  9991
2 16969  98.7012  71.6399 0010932 258.3561 112.3391 14.29148258 56577
NOAA 11                 
1 19531U 88089A   26078.25633906  .00000054  00000+0  48922-4 0  9996
2 19531  98.6112  26.9750 0010730 190.6806 169.4142 14.15822904934759
NOAA 12                 
1 21263U 91032A   26078.22109302  .00000067  00000+0  45728-4 0  9993
2 21263  98.6164  68.0745 0012572 293.4702  66.5156 14.26720646812136
NOAA 13                 
1 22739U 93050A   26078.27567411  .00000095  00000+0  73141-4 0  9999
2 22739  98.6948  25.7561 0010110  32.0099 328.1686 14.13639535680672
NOAA 14                 
1 23455U 94089A   26078.23037636  .00000051  00000+0  48250-4 0  9990
2 23455  98.5039  51.9931 0009237 349.4060  10.6918 14.14657548610489
NOAA 15                 
1 25338U 98030A   26078.30396236  .00000112  00000+0  63295-4 0  9998
2 25338  98.5152 101.3338 0009153 248.3622 111.6585 14.27116317448474
NOAA 16                 
1 26536U 00055A   26078.29306836  .00000094  00000+0  70952-4 0  9991
2 26536  98.4696  97.2951 0010102 193.2828 166.8081 14.13900835611020
NOAA 17                 
1 27453U 02032A   26078.28720967  .00000190  00000+0  98468-4 0  9990
2 27453  98.8559  43.0194 0010575 251.0750 108.9283 14.26194770234175
NOAA 18                 
1 28654U 05018A   26078.23801574  .00000044  00000+0  46618-4 0  9998
2 28654  98.8143 159.2109 0015000  50.0083 310.2404 14.13712773 73605
NOAA 19                 
1 33591U 09005A   26078.22089528  .00000038  00000+0  44220-4 0  9990
2 33591  98.9589 149.0072 0012710 285.6690  74.3079 14.13458580881771
SUOMI NPP               
1 37849U 11061A   26077.76528040  .00000069  00000+0  53756-4 0  9998
2 37849  98.7881  19.2966 0000906 182.5879 177.5292 14.19546120745611
NOAA 20 (JPSS-1)        
1 43013U 17073A   26078.27340098  .00000059  00000+0  49054-4 0  9994
2 43013  98.7703  18.5659 0001592 125.1066 235.0259 14.19538509431716
NOAA 21 (JPSS-2)        
1 54234U 22150A   26078.30800115  .00000062  00000+0  50206-4 0  9993
2 54234  98.7566  18.4642 0002786  89.5296 270.6200 14.19554665173798
